27639
20616
24075
475
20373
424
21288
25338
133
28338
3577
11390
23629
24197
22777
4709
12794
18075
2204
11157
25030
21677
9597
25302
7625
28757
10650
9852
16003
27306
30738
26519
2518
24415
25130
31652
27578
18547
12581
24818
27709
4249
16468
22937
16968
5846
22780
1086
6998
19996
6936
32552
20516
32247
2334
7463
16568
20394
1881
30973
11644
15570
2840
4336
25469
29077
15597
27461
18860
13357
18133
31508
28940
15214
3755
22190
376
23066
9385
24880
21575
4059
23182
2797
27737
11284
11225
14992
19871
27533
5101
31305
31011
27141
25515
24385
22449
28514
27719
27776
14565
8788
25686
10510
29487
8166
25615
11154
20116
21397
17755
27037
2927
9811
16894
3803
9293
2647
25450
20876
20049
25258
16941
5059
10656
8751
23351
19591
3871
15472
18072
17447
24733
15855
18671
3006
23156
21153
